% Ran S1 with EEG
seed=20211024;
% Ran S1 without EEG
seed=2021102402;
% Ran S2 with EEG
seed=20211029;
% Ran S3 with EEG
seed=20211031;

% Zhibin S1
seed=20211102;
% Zhibin S2
seed=20211105;
% Zhibin S3
seed=20211106;

% Hiro S1
seed=20211111;
% Hiro S2
seed=20211115;
% Hiro S3
seed=2021111902;

% Jack S1
seed=20211115;
% Jack S2
seed=20211116;
% Jack S3
seed=2021111802;

% Patty S1
seed=20211118;
% Patty S2
seed=2021111901;
% Patty S3
seed=20211125;